
ITENS
ID PESO VALOR
0 8 91
1 7 60
2 10 63
3 4 40
4 5 16
5 3 48
6 8 14
7 7 41
8 3 2
9 10 84
10 8 19
11 7 35
12 5 85
13 7 33
14 5 93
15 2 93
16 7 4
17 3 82
18 5 4
19 7 65
20 3 37
21 3 51
22 10 18
23 7 94
24 10 34
25 9 64
26 4 45
27 4 30
28 9 14
29 5 75
30 4 73
31 2 78
32 8 9
33 6 80
34 3 81
35 10 44
36 3 18
37 2 18
38 6 96
39 8 35
40 5 4
41 7 69
42 9 12
43 9 45
44 8 87
45 4 39
46 6 7
47 2 90
48 4 39
49 4 24
50 7 40
51 2 98
52 5 71
53 4 97
54 3 83
55 10 22
56 10 90
57 7 4
58 9 75
59 6 4
60 4 35
61 10 45
62 10 18
63 10 76
64 8 97
65 5 83

Tempo de execução: 9.029e-06 segundos

Mochila: 34 63 38 65 52 33 4 37 20 35 14 22 2 31 36 19 30 64 3 10 25 7 59 56 39 24 50 12 21 42 29 5 61 0 26 54 1 9 15 13 18 58 8 46 27 51 16 53 62 45 44 43 41 17 55 60 49 48 57 32 47 23 11 28 40 6 
Valor: 3320
Peso: 405
Tempo de execução: 5.37e-06 segundos

Mochila: 26 28 15 6 41 0 52 9 25 54 36 59 38 5 1 10 29 40 65 14 24 37 32 49 13 39 44 2 7 8 42 33 23 34 50 55 63 35 19 31 3 57 20 16 12 43 30 17 11 51 27 46 58 64 60 47 45 62 48 61 53 56 22 21 18 4 
Valor: 3320
Peso: 405
Tempo de execução: 5.078e-06 segundos

Mochila: 50 21 19 4 58 34 41 35 24 55 1 32 15 33 63 14 42 18 6 36 39 9 61 45 31 13 27 38 37 20 8 0 56 26 44 60 28 54 10 5 65 48 25 30 2 46 29 64 22 43 12 16 57 40 47 53 51 11 62 23 17 49 59 7 3 52 
Valor: 3320
Peso: 405
Tempo de execução: 4.837e-06 segundos

Mochila: 44 7 10 52 57 26 58 54 39 60 63 61 19 0 28 36 8 3 4 1 13 35 23 51 5 31 12 15 9 25 20 34 49 50 27 47 21 55 14 33 6 62 24 29 38 16 42 40 59 46 2 30 48 18 53 17 43 22 11 56 64 45 32 37 65 41 
Valor: 3320
Peso: 405
Tempo de execução: 4.729e-06 segundos

Mochila: 27 37 14 41 48 50 57 55 13 47 28 23 10 34 21 1 20 65 52 63 31 54 56 43 33 5 2 19 35 24 25 26 45 44 12 53 7 60 36 0 4 11 39 42 15 30 8 18 32 16 38 29 62 3 17 64 46 59 22 49 40 51 61 9 6 58 
Valor: 3320
Peso: 405
